             precision    recall  f1-score   support

          0       0.89      0.87      0.88      1000
          1       0.92      0.96      0.94      1000
          2       0.81      0.79      0.80      1000
          3       0.73      0.75      0.74      1000
          4       0.85      0.85      0.85      1000
          5       0.83      0.79      0.81      1000
          6       0.89      0.90      0.89      1000
          7       0.89      0.91      0.90      1000
          8       0.91      0.93      0.92      1000
          9       0.93      0.92      0.92      1000

avg / total       0.87      0.87      0.87     10000
