             precision    recall  f1-score   support

          0       0.87      0.91      0.89      1000
          1       0.95      0.95      0.95      1000
          2       0.87      0.82      0.84      1000
          3       0.77      0.78      0.78      1000
          4       0.85      0.89      0.87      1000
          5       0.85      0.82      0.83      1000
          6       0.90      0.92      0.91      1000
          7       0.93      0.92      0.92      1000
          8       0.92      0.94      0.93      1000
          9       0.96      0.91      0.93      1000

avg / total       0.89      0.89      0.88     10000
