             precision    recall  f1-score   support

          0       0.87      0.87      0.87      1000
          1       0.93      0.94      0.94      1000
          2       0.86      0.76      0.81      1000
          3       0.71      0.73      0.72      1000
          4       0.83      0.85      0.84      1000
          5       0.77      0.83      0.80      1000
          6       0.87      0.91      0.89      1000
          7       0.94      0.88      0.91      1000
          8       0.92      0.92      0.92      1000
          9       0.93      0.92      0.92      1000

avg / total       0.86      0.86      0.86     10000
