             precision    recall  f1-score   support

          0       0.89      0.87      0.88      1000
          1       0.93      0.94      0.94      1000
          2       0.79      0.85      0.82      1000
          3       0.79      0.74      0.77      1000
          4       0.87      0.87      0.87      1000
          5       0.82      0.83      0.82      1000
          6       0.90      0.91      0.91      1000
          7       0.93      0.88      0.91      1000
          8       0.91      0.92      0.91      1000
          9       0.91      0.91      0.91      1000

avg / total       0.87      0.87      0.87     10000
