             precision    recall  f1-score   support

          0       0.87      0.88      0.88      1000
          1       0.94      0.93      0.94      1000
          2       0.86      0.82      0.84      1000
          3       0.74      0.75      0.74      1000
          4       0.85      0.87      0.86      1000
          5       0.83      0.81      0.82      1000
          6       0.91      0.91      0.91      1000
          7       0.91      0.91      0.91      1000
          8       0.90      0.93      0.92      1000
          9       0.93      0.92      0.92      1000

avg / total       0.87      0.87      0.87     10000
