             precision    recall  f1-score   support

          0       0.80      0.78      0.79      1000
          1       0.91      0.90      0.91      1000
          2       0.72      0.64      0.68      1000
          3       0.61      0.61      0.61      1000
          4       0.74      0.80      0.77      1000
          5       0.70      0.71      0.70      1000
          6       0.77      0.88      0.82      1000
          7       0.89      0.80      0.84      1000
          8       0.86      0.88      0.87      1000
          9       0.88      0.85      0.87      1000

avg / total       0.79      0.79      0.79     10000
