             precision    recall  f1-score   support

          0       0.86      0.84      0.85      1000
          1       0.94      0.93      0.94      1000
          2       0.75      0.78      0.76      1000
          3       0.71      0.67      0.69      1000
          4       0.80      0.84      0.82      1000
          5       0.79      0.76      0.78      1000
          6       0.85      0.89      0.87      1000
          7       0.88      0.90      0.89      1000
          8       0.89      0.90      0.90      1000
          9       0.93      0.89      0.91      1000

avg / total       0.84      0.84      0.84     10000
