             precision    recall  f1-score   support

          0       0.80      0.83      0.82      1000
          1       0.92      0.90      0.91      1000
          2       0.74      0.73      0.74      1000
          3       0.71      0.57      0.64      1000
          4       0.81      0.80      0.80      1000
          5       0.70      0.77      0.73      1000
          6       0.84      0.89      0.86      1000
          7       0.86      0.85      0.85      1000
          8       0.88      0.89      0.88      1000
          9       0.86      0.89      0.87      1000

avg / total       0.81      0.81      0.81     10000
