             precision    recall  f1-score   support

          0       0.83      0.79      0.81      1000
          1       0.93      0.90      0.91      1000
          2       0.74      0.74      0.74      1000
          3       0.68      0.69      0.68      1000
          4       0.83      0.79      0.81      1000
          5       0.75      0.74      0.74      1000
          6       0.86      0.87      0.86      1000
          7       0.84      0.84      0.84      1000
          8       0.84      0.90      0.87      1000
          9       0.86      0.89      0.88      1000

avg / total       0.82      0.82      0.82     10000
