             precision    recall  f1-score   support

          0       0.77      0.85      0.81      1000
          1       0.92      0.90      0.91      1000
          2       0.77      0.63      0.70      1000
          3       0.65      0.64      0.65      1000
          4       0.80      0.78      0.79      1000
          5       0.74      0.74      0.74      1000
          6       0.79      0.84      0.82      1000
          7       0.84      0.85      0.85      1000
          8       0.85      0.88      0.86      1000
          9       0.86      0.88      0.87      1000

avg / total       0.80      0.80      0.80     10000
