             precision    recall  f1-score   support

          0       0.83      0.81      0.82      1000
          1       0.90      0.93      0.91      1000
          2       0.72      0.75      0.73      1000
          3       0.69      0.66      0.67      1000
          4       0.81      0.77      0.79      1000
          5       0.76      0.77      0.76      1000
          6       0.83      0.86      0.84      1000
          7       0.82      0.87      0.85      1000
          8       0.89      0.89      0.89      1000
          9       0.90      0.86      0.88      1000

avg / total       0.82      0.82      0.82     10000
