             precision    recall  f1-score   support

          0       0.85      0.89      0.87      1000
          1       0.95      0.92      0.93      1000
          2       0.82      0.76      0.79      1000
          3       0.75      0.68      0.71      1000
          4       0.79      0.85      0.82      1000
          5       0.81      0.80      0.81      1000
          6       0.83      0.90      0.86      1000
          7       0.90      0.90      0.90      1000
          8       0.92      0.89      0.91      1000
          9       0.90      0.93      0.92      1000

avg / total       0.85      0.85      0.85     10000
