             precision    recall  f1-score   support

          0       0.80      0.82      0.81      1000
          1       0.92      0.89      0.91      1000
          2       0.76      0.71      0.73      1000
          3       0.69      0.63      0.66      1000
          4       0.82      0.82      0.82      1000
          5       0.73      0.77      0.75      1000
          6       0.83      0.89      0.86      1000
          7       0.87      0.84      0.85      1000
          8       0.84      0.92      0.88      1000
          9       0.89      0.88      0.88      1000

avg / total       0.82      0.82      0.82     10000
