             precision    recall  f1-score   support

          0       0.86      0.87      0.87      1000
          1       0.94      0.94      0.94      1000
          2       0.82      0.74      0.78      1000
          3       0.71      0.69      0.70      1000
          4       0.82      0.85      0.83      1000
          5       0.77      0.81      0.79      1000
          6       0.84      0.89      0.87      1000
          7       0.90      0.88      0.89      1000
          8       0.91      0.92      0.91      1000
          9       0.92      0.91      0.91      1000

avg / total       0.85      0.85      0.85     10000
