             precision    recall  f1-score   support

          0       0.83      0.78      0.80      1000
          1       0.88      0.93      0.90      1000
          2       0.72      0.69      0.71      1000
          3       0.61      0.64      0.62      1000
          4       0.76      0.82      0.79      1000
          5       0.74      0.74      0.74      1000
          6       0.86      0.84      0.85      1000
          7       0.88      0.82      0.85      1000
          8       0.87      0.87      0.87      1000
          9       0.86      0.86      0.86      1000

avg / total       0.80      0.80      0.80     10000
