             precision    recall  f1-score   support

          0       0.84      0.89      0.86      1000
          1       0.94      0.93      0.93      1000
          2       0.83      0.77      0.80      1000
          3       0.74      0.74      0.74      1000
          4       0.85      0.87      0.86      1000
          5       0.80      0.79      0.79      1000
          6       0.89      0.91      0.90      1000
          7       0.89      0.91      0.90      1000
          8       0.91      0.93      0.92      1000
          9       0.92      0.90      0.91      1000

avg / total       0.86      0.86      0.86     10000
