             precision    recall  f1-score   support

          0       0.82      0.83      0.82      1000
          1       0.91      0.92      0.92      1000
          2       0.77      0.76      0.76      1000
          3       0.71      0.68      0.70      1000
          4       0.80      0.83      0.81      1000
          5       0.81      0.70      0.75      1000
          6       0.85      0.90      0.87      1000
          7       0.83      0.89      0.86      1000
          8       0.90      0.86      0.88      1000
          9       0.86      0.89      0.87      1000

avg / total       0.83      0.83      0.82     10000
