             precision    recall  f1-score   support

          0       0.86      0.81      0.84      1000
          1       0.92      0.91      0.91      1000
          2       0.77      0.73      0.75      1000
          3       0.69      0.65      0.67      1000
          4       0.79      0.84      0.81      1000
          5       0.74      0.76      0.75      1000
          6       0.84      0.88      0.86      1000
          7       0.85      0.87      0.86      1000
          8       0.88      0.89      0.88      1000
          9       0.89      0.88      0.89      1000

avg / total       0.82      0.82      0.82     10000
