             precision    recall  f1-score   support

          0       0.84      0.78      0.81      1000
          1       0.90      0.92      0.91      1000
          2       0.72      0.68      0.70      1000
          3       0.63      0.66      0.65      1000
          4       0.76      0.80      0.78      1000
          5       0.75      0.75      0.75      1000
          6       0.84      0.86      0.85      1000
          7       0.86      0.84      0.85      1000
          8       0.88      0.88      0.88      1000
          9       0.87      0.87      0.87      1000

avg / total       0.80      0.80      0.80     10000
