             precision    recall  f1-score   support

          0       0.82      0.83      0.82      1000
          1       0.94      0.92      0.93      1000
          2       0.79      0.76      0.77      1000
          3       0.71      0.66      0.69      1000
          4       0.82      0.84      0.83      1000
          5       0.74      0.78      0.76      1000
          6       0.89      0.90      0.89      1000
          7       0.83      0.87      0.85      1000
          8       0.91      0.86      0.88      1000
          9       0.89      0.91      0.90      1000

avg / total       0.83      0.83      0.83     10000
