             precision    recall  f1-score   support

          0       0.83      0.90      0.86      1000
          1       0.93      0.93      0.93      1000
          2       0.81      0.78      0.79      1000
          3       0.72      0.73      0.73      1000
          4       0.85      0.84      0.85      1000
          5       0.76      0.80      0.78      1000
          6       0.90      0.89      0.90      1000
          7       0.91      0.85      0.88      1000
          8       0.91      0.89      0.90      1000
          9       0.90      0.90      0.90      1000

avg / total       0.85      0.85      0.85     10000
