             precision    recall  f1-score   support

          0       0.89      0.85      0.87      1000
          1       0.93      0.95      0.94      1000
          2       0.78      0.81      0.79      1000
          3       0.73      0.69      0.71      1000
          4       0.81      0.85      0.83      1000
          5       0.79      0.82      0.80      1000
          6       0.87      0.90      0.89      1000
          7       0.93      0.89      0.91      1000
          8       0.93      0.91      0.92      1000
          9       0.91      0.91      0.91      1000

avg / total       0.86      0.86      0.86     10000
