             precision    recall  f1-score   support

          0       0.78      0.80      0.79      1000
          1       0.91      0.89      0.90      1000
          2       0.68      0.66      0.67      1000
          3       0.62      0.47      0.54      1000
          4       0.78      0.72      0.75      1000
          5       0.63      0.72      0.67      1000
          6       0.79      0.84      0.81      1000
          7       0.81      0.80      0.80      1000
          8       0.83      0.87      0.85      1000
          9       0.81      0.88      0.84      1000

avg / total       0.76      0.77      0.76     10000
