             precision    recall  f1-score   support

          0       0.70      0.68      0.69      1000
          1       0.82      0.83      0.83      1000
          2       0.60      0.45      0.52      1000
          3       0.44      0.45      0.45      1000
          4       0.58      0.71      0.64      1000
          5       0.60      0.58      0.59      1000
          6       0.66      0.77      0.71      1000
          7       0.77      0.68      0.72      1000
          8       0.78      0.79      0.78      1000
          9       0.81      0.80      0.80      1000

avg / total       0.68      0.67      0.67     10000
