             precision    recall  f1-score   support

          0       0.70      0.71      0.70      1000
          1       0.81      0.86      0.83      1000
          2       0.60      0.50      0.54      1000
          3       0.48      0.45      0.47      1000
          4       0.66      0.61      0.63      1000
          5       0.60      0.59      0.59      1000
          6       0.63      0.84      0.72      1000
          7       0.73      0.72      0.73      1000
          8       0.80      0.74      0.77      1000
          9       0.80      0.82      0.81      1000

avg / total       0.68      0.68      0.68     10000
