             precision    recall  f1-score   support

          0       0.64      0.64      0.64      1000
          1       0.83      0.75      0.79      1000
          2       0.48      0.40      0.44      1000
          3       0.37      0.33      0.35      1000
          4       0.50      0.52      0.51      1000
          5       0.55      0.54      0.54      1000
          6       0.63      0.68      0.65      1000
          7       0.67      0.63      0.65      1000
          8       0.71      0.75      0.73      1000
          9       0.65      0.84      0.73      1000

avg / total       0.60      0.61      0.60     10000
