             precision    recall  f1-score   support

          0       0.71      0.67      0.69      1000
          1       0.82      0.80      0.81      1000
          2       0.56      0.50      0.53      1000
          3       0.44      0.39      0.41      1000
          4       0.61      0.65      0.62      1000
          5       0.58      0.51      0.54      1000
          6       0.67      0.81      0.73      1000
          7       0.71      0.70      0.70      1000
          8       0.81      0.73      0.77      1000
          9       0.68      0.86      0.76      1000

avg / total       0.66      0.66      0.66     10000
