             precision    recall  f1-score   support

          0       0.78      0.72      0.75      1000
          1       0.84      0.90      0.87      1000
          2       0.67      0.55      0.61      1000
          3       0.55      0.45      0.50      1000
          4       0.64      0.72      0.68      1000
          5       0.63      0.65      0.64      1000
          6       0.73      0.83      0.77      1000
          7       0.74      0.81      0.77      1000
          8       0.80      0.84      0.82      1000
          9       0.86      0.82      0.84      1000

avg / total       0.73      0.73      0.73     10000
