             precision    recall  f1-score   support

          0       0.71      0.89      0.79      1000
          1       0.87      0.90      0.88      1000
          2       0.71      0.64      0.67      1000
          3       0.63      0.60      0.61      1000
          4       0.79      0.75      0.77      1000
          5       0.69      0.70      0.69      1000
          6       0.80      0.86      0.83      1000
          7       0.87      0.82      0.84      1000
          8       0.90      0.84      0.87      1000
          9       0.87      0.85      0.86      1000

avg / total       0.79      0.78      0.78     10000
