             precision    recall  f1-score   support

          0       0.80      0.79      0.80      1000
          1       0.88      0.89      0.89      1000
          2       0.68      0.62      0.65      1000
          3       0.57      0.58      0.58      1000
          4       0.72      0.76      0.74      1000
          5       0.72      0.65      0.68      1000
          6       0.73      0.85      0.79      1000
          7       0.84      0.80      0.81      1000
          8       0.83      0.88      0.86      1000
          9       0.88      0.84      0.86      1000

avg / total       0.77      0.77      0.76     10000
